Reading_score_analysis
================
Kangyu Xu (kx2224)
2024-12-18

``` r
library(tidyverse)
```

    ## ── Attaching core tidyverse packages ──────────────────────── tidyverse 2.0.0 ──
    ## ✔ dplyr     1.1.4     ✔ readr     2.1.5
    ## ✔ forcats   1.0.0     ✔ stringr   1.5.1
    ## ✔ ggplot2   3.5.1     ✔ tibble    3.2.1
    ## ✔ lubridate 1.9.3     ✔ tidyr     1.3.1
    ## ✔ purrr     1.0.2     
    ## ── Conflicts ────────────────────────────────────────── tidyverse_conflicts() ──
    ## ✖ dplyr::filter() masks stats::filter()
    ## ✖ dplyr::lag()    masks stats::lag()
    ## ℹ Use the conflicted package (<http://conflicted.r-lib.org/>) to force all conflicts to become errors

``` r
library(caret)
```

    ## Loading required package: lattice
    ## 
    ## Attaching package: 'caret'
    ## 
    ## The following object is masked from 'package:purrr':
    ## 
    ##     lift

``` r
library(leaps)
library(glmnet)
```

    ## Loading required package: Matrix
    ## 
    ## Attaching package: 'Matrix'
    ## 
    ## The following objects are masked from 'package:tidyr':
    ## 
    ##     expand, pack, unpack
    ## 
    ## Loaded glmnet 4.1-8

``` r
library(MASS)      # for Box-Cox transformation
```

    ## 
    ## Attaching package: 'MASS'
    ## 
    ## The following object is masked from 'package:dplyr':
    ## 
    ##     select

``` r
library(ggfortify) # for model diagnostics
library(performance) # for VIF
```

``` r
# data clean
data = read_csv("data/Project_1_data.csv") |>
  janitor::clean_names() |>
  drop_na()
```

    ## Rows: 948 Columns: 14
    ## ── Column specification ────────────────────────────────────────────────────────
    ## Delimiter: ","
    ## chr (10): Gender, EthnicGroup, ParentEduc, LunchType, TestPrep, ParentMarita...
    ## dbl  (4): NrSiblings, MathScore, ReadingScore, WritingScore
    ## 
    ## ℹ Use `spec()` to retrieve the full column specification for this data.
    ## ℹ Specify the column types or set `show_col_types = FALSE` to quiet this message.

``` r
reading_df = data |>
  dplyr::select(-math_score,-writing_score)|>
  dplyr::select(reading_score, everything())
reading_df_numeric = reading_df |>
  mutate(across(where(is.factor), as.numeric))

summary(reading_df)
```

    ##  reading_score       gender          ethnic_group       parent_educ       
    ##  Min.   : 17.00   Length:587         Length:587         Length:587        
    ##  1st Qu.: 60.00   Class :character   Class :character   Class :character  
    ##  Median : 70.00   Mode  :character   Mode  :character   Mode  :character  
    ##  Mean   : 69.85                                                           
    ##  3rd Qu.: 81.00                                                           
    ##  Max.   :100.00                                                           
    ##   lunch_type         test_prep         parent_marital_status practice_sport    
    ##  Length:587         Length:587         Length:587            Length:587        
    ##  Class :character   Class :character   Class :character      Class :character  
    ##  Mode  :character   Mode  :character   Mode  :character      Mode  :character  
    ##                                                                                
    ##                                                                                
    ##                                                                                
    ##  is_first_child      nr_siblings   transport_means    wkly_study_hours  
    ##  Length:587         Min.   :0.00   Length:587         Length:587        
    ##  Class :character   1st Qu.:1.00   Class :character   Class :character  
    ##  Mode  :character   Median :2.00   Mode  :character   Mode  :character  
    ##                     Mean   :2.14                                        
    ##                     3rd Qu.:3.00                                        
    ##                     Max.   :7.00

``` r
y = reading_df$reading_score
X = model.matrix(reading_score ~ ., data = reading_df_numeric)[, -1]

#----------------------------------------------------
# Forward、Backward and Stepwise regression
#----------------------------------------------------
full_model = lm(reading_score ~ ., data = reading_df)
null_model = lm(reading_score ~ 1, data = reading_df)

# Forward Selection
forward_model = step(null_model, direction = "forward", scope = formula(full_model), trace = FALSE)

# Backward Elimination
backward_model = step(full_model, direction = "backward", trace = FALSE)

# Stepwise Regression
stepwise_model = step(full_model, direction = "both", trace = FALSE)

# Output model
cat("Forward Selection Model:\n")
```

    ## Forward Selection Model:

``` r
summary(forward_model)
```

    ## 
    ## Call:
    ## lm(formula = reading_score ~ lunch_type + gender + test_prep + 
    ##     parent_educ + ethnic_group + parent_marital_status + wkly_study_hours, 
    ##     data = reading_df)
    ## 
    ## Residuals:
    ##     Min      1Q  Median      3Q     Max 
    ## -41.661  -8.604   0.594   9.263  30.252 
    ## 
    ## Coefficients:
    ##                              Estimate Std. Error t value Pr(>|t|)    
    ## (Intercept)                   67.7283     3.0403  22.277  < 2e-16 ***
    ## lunch_typestandard             8.4814     1.1468   7.395 5.07e-13 ***
    ## gendermale                    -7.7224     1.1084  -6.967 8.98e-12 ***
    ## test_prepnone                 -6.4210     1.1610  -5.531 4.87e-08 ***
    ## parent_educbachelor's degree   2.4853     1.9696   1.262  0.20754    
    ## parent_educhigh school        -5.2903     1.6930  -3.125  0.00187 ** 
    ## parent_educmaster's degree     4.0736     2.4339   1.674  0.09474 .  
    ## parent_educsome college       -2.4173     1.7039  -1.419  0.15652    
    ## parent_educsome high school   -4.9095     1.7238  -2.848  0.00456 ** 
    ## ethnic_groupgroup B           -1.4318     2.2509  -0.636  0.52496    
    ## ethnic_groupgroup C           -0.7388     2.1541  -0.343  0.73175    
    ## ethnic_groupgroup D            2.5473     2.1671   1.175  0.24030    
    ## ethnic_groupgroup E            5.8112     2.3770   2.445  0.01480 *  
    ## parent_marital_statusmarried   5.1453     1.5668   3.284  0.00109 ** 
    ## parent_marital_statussingle    1.7892     1.7875   1.001  0.31729    
    ## parent_marital_statuswidowed   5.4490     3.7016   1.472  0.14156    
    ## wkly_study_hours> 10           1.2128     1.7068   0.711  0.47763    
    ## wkly_study_hours10-May         2.6738     1.3069   2.046  0.04122 *  
    ## ---
    ## Signif. codes:  0 '***' 0.001 '**' 0.01 '*' 0.05 '.' 0.1 ' ' 1
    ## 
    ## Residual standard error: 13.19 on 569 degrees of freedom
    ## Multiple R-squared:  0.2661, Adjusted R-squared:  0.2442 
    ## F-statistic: 12.14 on 17 and 569 DF,  p-value: < 2.2e-16

``` r
cat("Backward Elimination Model:\n")
```

    ## Backward Elimination Model:

``` r
summary(backward_model)
```

    ## 
    ## Call:
    ## lm(formula = reading_score ~ gender + ethnic_group + parent_educ + 
    ##     lunch_type + test_prep + parent_marital_status + wkly_study_hours, 
    ##     data = reading_df)
    ## 
    ## Residuals:
    ##     Min      1Q  Median      3Q     Max 
    ## -41.661  -8.604   0.594   9.263  30.252 
    ## 
    ## Coefficients:
    ##                              Estimate Std. Error t value Pr(>|t|)    
    ## (Intercept)                   67.7283     3.0403  22.277  < 2e-16 ***
    ## gendermale                    -7.7224     1.1084  -6.967 8.98e-12 ***
    ## ethnic_groupgroup B           -1.4318     2.2509  -0.636  0.52496    
    ## ethnic_groupgroup C           -0.7388     2.1541  -0.343  0.73175    
    ## ethnic_groupgroup D            2.5473     2.1671   1.175  0.24030    
    ## ethnic_groupgroup E            5.8112     2.3770   2.445  0.01480 *  
    ## parent_educbachelor's degree   2.4853     1.9696   1.262  0.20754    
    ## parent_educhigh school        -5.2903     1.6930  -3.125  0.00187 ** 
    ## parent_educmaster's degree     4.0736     2.4339   1.674  0.09474 .  
    ## parent_educsome college       -2.4173     1.7039  -1.419  0.15652    
    ## parent_educsome high school   -4.9095     1.7238  -2.848  0.00456 ** 
    ## lunch_typestandard             8.4814     1.1468   7.395 5.07e-13 ***
    ## test_prepnone                 -6.4210     1.1610  -5.531 4.87e-08 ***
    ## parent_marital_statusmarried   5.1453     1.5668   3.284  0.00109 ** 
    ## parent_marital_statussingle    1.7892     1.7875   1.001  0.31729    
    ## parent_marital_statuswidowed   5.4490     3.7016   1.472  0.14156    
    ## wkly_study_hours> 10           1.2128     1.7068   0.711  0.47763    
    ## wkly_study_hours10-May         2.6738     1.3069   2.046  0.04122 *  
    ## ---
    ## Signif. codes:  0 '***' 0.001 '**' 0.01 '*' 0.05 '.' 0.1 ' ' 1
    ## 
    ## Residual standard error: 13.19 on 569 degrees of freedom
    ## Multiple R-squared:  0.2661, Adjusted R-squared:  0.2442 
    ## F-statistic: 12.14 on 17 and 569 DF,  p-value: < 2.2e-16

``` r
cat("Stepwise Selection Model:\n")
```

    ## Stepwise Selection Model:

``` r
summary(stepwise_model)
```

    ## 
    ## Call:
    ## lm(formula = reading_score ~ gender + ethnic_group + parent_educ + 
    ##     lunch_type + test_prep + parent_marital_status + wkly_study_hours, 
    ##     data = reading_df)
    ## 
    ## Residuals:
    ##     Min      1Q  Median      3Q     Max 
    ## -41.661  -8.604   0.594   9.263  30.252 
    ## 
    ## Coefficients:
    ##                              Estimate Std. Error t value Pr(>|t|)    
    ## (Intercept)                   67.7283     3.0403  22.277  < 2e-16 ***
    ## gendermale                    -7.7224     1.1084  -6.967 8.98e-12 ***
    ## ethnic_groupgroup B           -1.4318     2.2509  -0.636  0.52496    
    ## ethnic_groupgroup C           -0.7388     2.1541  -0.343  0.73175    
    ## ethnic_groupgroup D            2.5473     2.1671   1.175  0.24030    
    ## ethnic_groupgroup E            5.8112     2.3770   2.445  0.01480 *  
    ## parent_educbachelor's degree   2.4853     1.9696   1.262  0.20754    
    ## parent_educhigh school        -5.2903     1.6930  -3.125  0.00187 ** 
    ## parent_educmaster's degree     4.0736     2.4339   1.674  0.09474 .  
    ## parent_educsome college       -2.4173     1.7039  -1.419  0.15652    
    ## parent_educsome high school   -4.9095     1.7238  -2.848  0.00456 ** 
    ## lunch_typestandard             8.4814     1.1468   7.395 5.07e-13 ***
    ## test_prepnone                 -6.4210     1.1610  -5.531 4.87e-08 ***
    ## parent_marital_statusmarried   5.1453     1.5668   3.284  0.00109 ** 
    ## parent_marital_statussingle    1.7892     1.7875   1.001  0.31729    
    ## parent_marital_statuswidowed   5.4490     3.7016   1.472  0.14156    
    ## wkly_study_hours> 10           1.2128     1.7068   0.711  0.47763    
    ## wkly_study_hours10-May         2.6738     1.3069   2.046  0.04122 *  
    ## ---
    ## Signif. codes:  0 '***' 0.001 '**' 0.01 '*' 0.05 '.' 0.1 ' ' 1
    ## 
    ## Residual standard error: 13.19 on 569 degrees of freedom
    ## Multiple R-squared:  0.2661, Adjusted R-squared:  0.2442 
    ## F-statistic: 12.14 on 17 and 569 DF,  p-value: < 2.2e-16

``` r
#----------------------------------------------------
# 3. Criterion-Based Model Selection
#----------------------------------------------------
# Use Cp and Adjusted R² 
subset_model = regsubsets(reading_score ~ ., data = reading_df, nbest = 1)
subset_summary = summary(subset_model)
best_subset_formula = as.formula("reading_score ~ .")
# Visualize Cp and Adjusted R²
par(mfrow = c(1, 2))
plot(subset_summary$cp, xlab = "Number of Variables", ylab = "Cp Statistic", type = "b", main = "Cp Plot")
abline(a = 0, b = 1, col = "red")
plot(subset_summary$adjr2, xlab = "Number of Variables", ylab = "Adjusted R²", type = "b", main = "Adjusted R² Plot")
```

![](kx2224_files/figure-gfm/unnamed-chunk-4-1.png)<!-- -->

``` r
summary(subset_model)
```

    ## Subset selection object
    ## Call: regsubsets.formula(reading_score ~ ., data = reading_df, nbest = 1)
    ## 22 Variables  (and intercept)
    ##                              Forced in Forced out
    ## gendermale                       FALSE      FALSE
    ## ethnic_groupgroup B              FALSE      FALSE
    ## ethnic_groupgroup C              FALSE      FALSE
    ## ethnic_groupgroup D              FALSE      FALSE
    ## ethnic_groupgroup E              FALSE      FALSE
    ## parent_educbachelor's degree     FALSE      FALSE
    ## parent_educhigh school           FALSE      FALSE
    ## parent_educmaster's degree       FALSE      FALSE
    ## parent_educsome college          FALSE      FALSE
    ## parent_educsome high school      FALSE      FALSE
    ## lunch_typestandard               FALSE      FALSE
    ## test_prepnone                    FALSE      FALSE
    ## parent_marital_statusmarried     FALSE      FALSE
    ## parent_marital_statussingle      FALSE      FALSE
    ## parent_marital_statuswidowed     FALSE      FALSE
    ## practice_sportregularly          FALSE      FALSE
    ## practice_sportsometimes          FALSE      FALSE
    ## is_first_childyes                FALSE      FALSE
    ## nr_siblings                      FALSE      FALSE
    ## transport_meansschool_bus        FALSE      FALSE
    ## wkly_study_hours> 10             FALSE      FALSE
    ## wkly_study_hours10-May           FALSE      FALSE
    ## 1 subsets of each size up to 8
    ## Selection Algorithm: exhaustive
    ##          gendermale ethnic_groupgroup B ethnic_groupgroup C ethnic_groupgroup D
    ## 1  ( 1 ) " "        " "                 " "                 " "                
    ## 2  ( 1 ) "*"        " "                 " "                 " "                
    ## 3  ( 1 ) "*"        " "                 " "                 " "                
    ## 4  ( 1 ) "*"        " "                 " "                 " "                
    ## 5  ( 1 ) "*"        " "                 " "                 " "                
    ## 6  ( 1 ) "*"        " "                 " "                 " "                
    ## 7  ( 1 ) "*"        " "                 " "                 " "                
    ## 8  ( 1 ) "*"        " "                 " "                 "*"                
    ##          ethnic_groupgroup E parent_educbachelor's degree
    ## 1  ( 1 ) " "                 " "                         
    ## 2  ( 1 ) " "                 " "                         
    ## 3  ( 1 ) " "                 " "                         
    ## 4  ( 1 ) "*"                 " "                         
    ## 5  ( 1 ) " "                 " "                         
    ## 6  ( 1 ) "*"                 " "                         
    ## 7  ( 1 ) "*"                 " "                         
    ## 8  ( 1 ) "*"                 " "                         
    ##          parent_educhigh school parent_educmaster's degree
    ## 1  ( 1 ) " "                    " "                       
    ## 2  ( 1 ) " "                    " "                       
    ## 3  ( 1 ) " "                    " "                       
    ## 4  ( 1 ) " "                    " "                       
    ## 5  ( 1 ) "*"                    " "                       
    ## 6  ( 1 ) "*"                    " "                       
    ## 7  ( 1 ) "*"                    " "                       
    ## 8  ( 1 ) "*"                    " "                       
    ##          parent_educsome college parent_educsome high school lunch_typestandard
    ## 1  ( 1 ) " "                     " "                         "*"               
    ## 2  ( 1 ) " "                     " "                         "*"               
    ## 3  ( 1 ) " "                     " "                         "*"               
    ## 4  ( 1 ) " "                     " "                         "*"               
    ## 5  ( 1 ) " "                     "*"                         "*"               
    ## 6  ( 1 ) " "                     "*"                         "*"               
    ## 7  ( 1 ) " "                     "*"                         "*"               
    ## 8  ( 1 ) " "                     "*"                         "*"               
    ##          test_prepnone parent_marital_statusmarried parent_marital_statussingle
    ## 1  ( 1 ) " "           " "                          " "                        
    ## 2  ( 1 ) " "           " "                          " "                        
    ## 3  ( 1 ) "*"           " "                          " "                        
    ## 4  ( 1 ) "*"           " "                          " "                        
    ## 5  ( 1 ) "*"           " "                          " "                        
    ## 6  ( 1 ) "*"           " "                          " "                        
    ## 7  ( 1 ) "*"           "*"                          " "                        
    ## 8  ( 1 ) "*"           "*"                          " "                        
    ##          parent_marital_statuswidowed practice_sportregularly
    ## 1  ( 1 ) " "                          " "                    
    ## 2  ( 1 ) " "                          " "                    
    ## 3  ( 1 ) " "                          " "                    
    ## 4  ( 1 ) " "                          " "                    
    ## 5  ( 1 ) " "                          " "                    
    ## 6  ( 1 ) " "                          " "                    
    ## 7  ( 1 ) " "                          " "                    
    ## 8  ( 1 ) " "                          " "                    
    ##          practice_sportsometimes is_first_childyes nr_siblings
    ## 1  ( 1 ) " "                     " "               " "        
    ## 2  ( 1 ) " "                     " "               " "        
    ## 3  ( 1 ) " "                     " "               " "        
    ## 4  ( 1 ) " "                     " "               " "        
    ## 5  ( 1 ) " "                     " "               " "        
    ## 6  ( 1 ) " "                     " "               " "        
    ## 7  ( 1 ) " "                     " "               " "        
    ## 8  ( 1 ) " "                     " "               " "        
    ##          transport_meansschool_bus wkly_study_hours> 10 wkly_study_hours10-May
    ## 1  ( 1 ) " "                       " "                  " "                   
    ## 2  ( 1 ) " "                       " "                  " "                   
    ## 3  ( 1 ) " "                       " "                  " "                   
    ## 4  ( 1 ) " "                       " "                  " "                   
    ## 5  ( 1 ) " "                       " "                  " "                   
    ## 6  ( 1 ) " "                       " "                  " "                   
    ## 7  ( 1 ) " "                       " "                  " "                   
    ## 8  ( 1 ) " "                       " "                  " "

``` r
#----------------------------------------------------
# 4. LASSO regression
#----------------------------------------------------
set.seed(123)
lasso_cv = cv.glmnet(X, y, alpha = 1) # alpha = 1 表示 LASSO
best_lambda = lasso_cv$lambda.min

lasso_coefs = coef(lasso_cv, s = best_lambda)
print("LASSO Coefficients:")
```

    ## [1] "LASSO Coefficients:"

``` r
print(lasso_coefs)
```

    ## 23 x 1 sparse Matrix of class "dgCMatrix"
    ##                                       s1
    ## (Intercept)                  67.70987941
    ## gendermale                   -7.16787796
    ## ethnic_groupgroup B          -0.63937180
    ## ethnic_groupgroup C          -0.01039436
    ## ethnic_groupgroup D           2.42034284
    ## ethnic_groupgroup E           5.77082588
    ## parent_educbachelor's degree  2.55594452
    ## parent_educhigh school       -4.43985652
    ## parent_educmaster's degree    3.64286678
    ## parent_educsome college      -1.37937960
    ## parent_educsome high school  -3.82484104
    ## lunch_typestandard            7.97069201
    ## test_prepnone                -5.95785315
    ## parent_marital_statusmarried  3.42305850
    ## parent_marital_statussingle   .         
    ## parent_marital_statuswidowed  2.73226010
    ## practice_sportregularly      -0.44864373
    ## practice_sportsometimes       0.49193265
    ## is_first_childyes             0.66627523
    ## nr_siblings                   0.24839951
    ## transport_meansschool_bus     .         
    ## wkly_study_hours> 10          0.07641822
    ## wkly_study_hours10-May        1.80590256

``` r
#----------------------------------------------------
# 5. Compare and Choose best model
#----------------------------------------------------
# Cross validation
set.seed(123)
train_control = trainControl(method = "cv", number = 10)

# Stepwise
final_stepwise = train(formula(stepwise_model), data = reading_df, method = "lm", trControl = train_control)

# Criterion-based
final_criterion = train(best_subset_formula, data = reading_df, 
                         method = "lm", 
                         trControl = train_control)

# LASSO
lasso_preds = predict(lasso_cv, newx = X, s = best_lambda)
lasso_rmse = sqrt(mean((y - lasso_preds)^2))

cat("Stepwise RMSE:", final_stepwise$results$RMSE, "\n")
```

    ## Stepwise RMSE: 13.35236

``` r
cat("Criterion RMSE:", final_criterion$results$RMSE, "\n")
```

    ## Criterion RMSE: 13.41259

``` r
cat("LASSO RMSE:", lasso_rmse, "\n")
```

    ## LASSO RMSE: 12.99304

``` r
#----------------------------------------------------
# 6. Diagnosis
#----------------------------------------------------
cat("Final Stepwise Model Summary:\n")
```

    ## Final Stepwise Model Summary:

``` r
summary(stepwise_model)
```

    ## 
    ## Call:
    ## lm(formula = reading_score ~ gender + ethnic_group + parent_educ + 
    ##     lunch_type + test_prep + parent_marital_status + wkly_study_hours, 
    ##     data = reading_df)
    ## 
    ## Residuals:
    ##     Min      1Q  Median      3Q     Max 
    ## -41.661  -8.604   0.594   9.263  30.252 
    ## 
    ## Coefficients:
    ##                              Estimate Std. Error t value Pr(>|t|)    
    ## (Intercept)                   67.7283     3.0403  22.277  < 2e-16 ***
    ## gendermale                    -7.7224     1.1084  -6.967 8.98e-12 ***
    ## ethnic_groupgroup B           -1.4318     2.2509  -0.636  0.52496    
    ## ethnic_groupgroup C           -0.7388     2.1541  -0.343  0.73175    
    ## ethnic_groupgroup D            2.5473     2.1671   1.175  0.24030    
    ## ethnic_groupgroup E            5.8112     2.3770   2.445  0.01480 *  
    ## parent_educbachelor's degree   2.4853     1.9696   1.262  0.20754    
    ## parent_educhigh school        -5.2903     1.6930  -3.125  0.00187 ** 
    ## parent_educmaster's degree     4.0736     2.4339   1.674  0.09474 .  
    ## parent_educsome college       -2.4173     1.7039  -1.419  0.15652    
    ## parent_educsome high school   -4.9095     1.7238  -2.848  0.00456 ** 
    ## lunch_typestandard             8.4814     1.1468   7.395 5.07e-13 ***
    ## test_prepnone                 -6.4210     1.1610  -5.531 4.87e-08 ***
    ## parent_marital_statusmarried   5.1453     1.5668   3.284  0.00109 ** 
    ## parent_marital_statussingle    1.7892     1.7875   1.001  0.31729    
    ## parent_marital_statuswidowed   5.4490     3.7016   1.472  0.14156    
    ## wkly_study_hours> 10           1.2128     1.7068   0.711  0.47763    
    ## wkly_study_hours10-May         2.6738     1.3069   2.046  0.04122 *  
    ## ---
    ## Signif. codes:  0 '***' 0.001 '**' 0.01 '*' 0.05 '.' 0.1 ' ' 1
    ## 
    ## Residual standard error: 13.19 on 569 degrees of freedom
    ## Multiple R-squared:  0.2661, Adjusted R-squared:  0.2442 
    ## F-statistic: 12.14 on 17 and 569 DF,  p-value: < 2.2e-16

``` r
# diagnosis
autoplot(stepwise_model)
```

![](kx2224_files/figure-gfm/unnamed-chunk-7-1.png)<!-- -->

``` r
# VIF
vif_values = car::vif(stepwise_model)
cat("Variance Inflation Factor (VIF):\n")
```

    ## Variance Inflation Factor (VIF):

``` r
print(vif_values)
```

    ##                           GVIF Df GVIF^(1/(2*Df))
    ## gender                1.031480  1        1.015618
    ## ethnic_group          1.118848  4        1.014136
    ## parent_educ           1.095974  5        1.009206
    ## lunch_type            1.011511  1        1.005739
    ## test_prep             1.041202  1        1.020393
    ## parent_marital_status 1.054771  3        1.008927
    ## wkly_study_hours      1.061180  2        1.014956

``` r
# Box-Cox
boxcox(stepwise_model, lambda = seq(-2, 2, by = 0.1))
```

![](kx2224_files/figure-gfm/unnamed-chunk-7-2.png)<!-- --> So we choose
the stepwise model.

## Interacting Effect Checking

``` r
interaction_model = lm(reading_score ~ .^2, data = reading_df)
summary(interaction_model)
```

    ## 
    ## Call:
    ## lm(formula = reading_score ~ .^2, data = reading_df)
    ## 
    ## Residuals:
    ##     Min      1Q  Median      3Q     Max 
    ## -35.313  -6.516   0.000   7.136  27.200 
    ## 
    ## Coefficients: (5 not defined because of singularities)
    ##                                                             Estimate Std. Error
    ## (Intercept)                                                86.652810  21.558345
    ## gendermale                                                 -7.464415   9.948112
    ## ethnic_groupgroup B                                       -20.165316  17.839659
    ## ethnic_groupgroup C                                       -24.865500  17.213787
    ## ethnic_groupgroup D                                        -8.119202  18.443186
    ## ethnic_groupgroup E                                       -19.637836  17.828087
    ## parent_educbachelor's degree                               36.927746  16.190027
    ## parent_educhigh school                                      7.674809  14.322498
    ## parent_educmaster's degree                                -28.654622  21.820483
    ## parent_educsome college                                    -9.092810  13.463286
    ## parent_educsome high school                                -6.061721  13.149506
    ## lunch_typestandard                                         -0.120103   9.648099
    ## test_prepnone                                             -20.194607   9.996412
    ## parent_marital_statusmarried                               15.264846  13.018108
    ## parent_marital_statussingle                                 6.637086  15.668157
    ## parent_marital_statuswidowed                               19.284030  31.270808
    ## practice_sportregularly                                   -22.079112  16.071970
    ## practice_sportsometimes                                   -20.144529  16.021095
    ## is_first_childyes                                          12.039079  10.360338
    ## nr_siblings                                                -1.485603   3.103648
    ## transport_meansschool_bus                                  -6.316090   9.698686
    ## wkly_study_hours> 10                                      -23.221610  14.948241
    ## wkly_study_hours10-May                                     -0.134981  12.036225
    ## gendermale:ethnic_groupgroup B                              6.927466   6.276622
    ## gendermale:ethnic_groupgroup C                             10.909986   6.058401
    ## gendermale:ethnic_groupgroup D                              6.638805   6.100452
    ## gendermale:ethnic_groupgroup E                              7.879321   6.528749
    ## gendermale:parent_educbachelor's degree                    -5.900737   4.842756
    ## gendermale:parent_educhigh school                          -0.669537   3.902967
    ## gendermale:parent_educmaster's degree                       5.838804   6.714185
    ## gendermale:parent_educsome college                         -6.266605   4.151242
    ## gendermale:parent_educsome high school                     -1.209631   4.091513
    ## gendermale:lunch_typestandard                              -0.914987   2.857661
    ## gendermale:test_prepnone                                    0.069844   2.794666
    ## gendermale:parent_marital_statusmarried                     0.570748   4.010685
    ## gendermale:parent_marital_statussingle                     -1.579200   4.504179
    ## gendermale:parent_marital_statuswidowed                    24.035065  26.601226
    ## gendermale:practice_sportregularly                         -5.231810   4.783298
    ## gendermale:practice_sportsometimes                         -4.428890   4.744073
    ## gendermale:is_first_childyes                                3.025512   2.956689
    ## gendermale:nr_siblings                                     -0.937758   0.914982
    ## gendermale:transport_meansschool_bus                       -0.512855   2.711986
    ## gendermale:wkly_study_hours> 10                            -3.389706   4.283764
    ## gendermale:wkly_study_hours10-May                          -1.497070   3.240547
    ## ethnic_groupgroup B:parent_educbachelor's degree           -5.938662  13.454197
    ## ethnic_groupgroup C:parent_educbachelor's degree           -4.269891  13.531989
    ## ethnic_groupgroup D:parent_educbachelor's degree           -7.147201  13.320585
    ## ethnic_groupgroup E:parent_educbachelor's degree          -18.921509  15.626356
    ## ethnic_groupgroup B:parent_educhigh school                -13.903955   8.469331
    ## ethnic_groupgroup C:parent_educhigh school                 -8.155110   8.156363
    ## ethnic_groupgroup D:parent_educhigh school                 -7.285926   8.259263
    ## ethnic_groupgroup E:parent_educhigh school                 -6.303997   9.285221
    ## ethnic_groupgroup B:parent_educmaster's degree             20.760274  15.826166
    ## ethnic_groupgroup C:parent_educmaster's degree              7.870762  14.665463
    ## ethnic_groupgroup D:parent_educmaster's degree             14.089949  14.938060
    ## ethnic_groupgroup E:parent_educmaster's degree             17.076788  15.745628
    ## ethnic_groupgroup B:parent_educsome college                 2.473459   9.425956
    ## ethnic_groupgroup C:parent_educsome college                 7.911024   8.722904
    ## ethnic_groupgroup D:parent_educsome college                 9.968136   9.140701
    ## ethnic_groupgroup E:parent_educsome college                 7.772972   9.173551
    ## ethnic_groupgroup B:parent_educsome high school           -10.995981   8.805772
    ## ethnic_groupgroup C:parent_educsome high school            -3.039602   8.224852
    ## ethnic_groupgroup D:parent_educsome high school            -3.538849   8.318577
    ## ethnic_groupgroup E:parent_educsome high school             6.346320   8.929231
    ## ethnic_groupgroup B:lunch_typestandard                      5.664931   5.987016
    ## ethnic_groupgroup C:lunch_typestandard                     10.280542   5.730665
    ## ethnic_groupgroup D:lunch_typestandard                      9.797965   5.646309
    ## ethnic_groupgroup E:lunch_typestandard                      2.909241   6.601021
    ## ethnic_groupgroup B:test_prepnone                           6.012016   6.366063
    ## ethnic_groupgroup C:test_prepnone                           9.879911   6.002474
    ## ethnic_groupgroup D:test_prepnone                           6.995423   6.108946
    ## ethnic_groupgroup E:test_prepnone                          13.654671   6.498733
    ## ethnic_groupgroup B:parent_marital_statusmarried            9.178195   8.229831
    ## ethnic_groupgroup C:parent_marital_statusmarried            1.371131   7.546311
    ## ethnic_groupgroup D:parent_marital_statusmarried           -9.123507   7.460632
    ## ethnic_groupgroup E:parent_marital_statusmarried            0.685549   8.324082
    ## ethnic_groupgroup B:parent_marital_statussingle            19.212973   9.861025
    ## ethnic_groupgroup C:parent_marital_statussingle             6.430873   9.429374
    ## ethnic_groupgroup D:parent_marital_statussingle             2.105452   9.144914
    ## ethnic_groupgroup E:parent_marital_statussingle            17.495217  10.517920
    ## ethnic_groupgroup B:parent_marital_statuswidowed           23.380298  87.724201
    ## ethnic_groupgroup C:parent_marital_statuswidowed          110.546341 121.512429
    ## ethnic_groupgroup D:parent_marital_statuswidowed          -23.052122  75.943690
    ## ethnic_groupgroup E:parent_marital_statuswidowed                  NA         NA
    ## ethnic_groupgroup B:practice_sportregularly                12.914114  10.980597
    ## ethnic_groupgroup C:practice_sportregularly                11.696265  10.951945
    ## ethnic_groupgroup D:practice_sportregularly                 9.650943  12.107598
    ## ethnic_groupgroup E:practice_sportregularly                12.381975  11.100421
    ## ethnic_groupgroup B:practice_sportsometimes                11.144176  11.853138
    ## ethnic_groupgroup C:practice_sportsometimes                18.491749  11.542535
    ## ethnic_groupgroup D:practice_sportsometimes                 8.470935  12.783531
    ## ethnic_groupgroup E:practice_sportsometimes                10.310523  11.620312
    ## ethnic_groupgroup B:is_first_childyes                       8.285194   6.069061
    ## ethnic_groupgroup C:is_first_childyes                       1.213103   5.716772
    ## ethnic_groupgroup D:is_first_childyes                      -0.270167   5.789398
    ## ethnic_groupgroup E:is_first_childyes                       3.962654   6.666940
    ## ethnic_groupgroup B:nr_siblings                             0.249735   2.095707
    ## ethnic_groupgroup C:nr_siblings                             0.092095   1.979971
    ## ethnic_groupgroup D:nr_siblings                            -0.561439   2.014573
    ## ethnic_groupgroup E:nr_siblings                             3.454391   2.395471
    ## ethnic_groupgroup B:transport_meansschool_bus             -11.210577   6.216383
    ## ethnic_groupgroup C:transport_meansschool_bus             -13.130845   5.704016
    ## ethnic_groupgroup D:transport_meansschool_bus              -5.728041   5.698398
    ## ethnic_groupgroup E:transport_meansschool_bus             -12.137511   6.663472
    ## ethnic_groupgroup B:wkly_study_hours> 10                   -7.147273  10.998717
    ## ethnic_groupgroup C:wkly_study_hours> 10                    0.007762  10.894233
    ## ethnic_groupgroup D:wkly_study_hours> 10                    2.268857  10.732846
    ## ethnic_groupgroup E:wkly_study_hours> 10                   -4.353571  11.900488
    ## ethnic_groupgroup B:wkly_study_hours10-May                 -8.449931   8.740797
    ## ethnic_groupgroup C:wkly_study_hours10-May                 -2.866893   8.572407
    ## ethnic_groupgroup D:wkly_study_hours10-May                 -2.811620   8.705353
    ## ethnic_groupgroup E:wkly_study_hours10-May                 -5.193734   9.417411
    ## parent_educbachelor's degree:lunch_typestandard             3.009013   5.159802
    ## parent_educhigh school:lunch_typestandard                   2.065004   4.200130
    ## parent_educmaster's degree:lunch_typestandard               8.701083   7.978550
    ## parent_educsome college:lunch_typestandard                  4.935216   4.277469
    ## parent_educsome high school:lunch_typestandard              6.582918   4.347811
    ## parent_educbachelor's degree:test_prepnone                 -3.605229   4.833501
    ## parent_educhigh school:test_prepnone                        0.942119   4.640786
    ## parent_educmaster's degree:test_prepnone                    0.828723   8.177518
    ## parent_educsome college:test_prepnone                      -3.758412   4.296819
    ## parent_educsome high school:test_prepnone                   2.170927   4.244366
    ## parent_educbachelor's degree:parent_marital_statusmarried -17.984352   8.558704
    ## parent_educhigh school:parent_marital_statusmarried         5.495708   6.031123
    ## parent_educmaster's degree:parent_marital_statusmarried    -0.899679   9.073871
    ## parent_educsome college:parent_marital_statusmarried       -4.677371   5.988770
    ## parent_educsome high school:parent_marital_statusmarried   -3.558397   5.839393
    ## parent_educbachelor's degree:parent_marital_statussingle  -16.938226   9.106364
    ## parent_educhigh school:parent_marital_statussingle         10.253829   6.634232
    ## parent_educmaster's degree:parent_marital_statussingle     -0.659718   9.502616
    ## parent_educsome college:parent_marital_statussingle        -2.497921   6.660085
    ## parent_educsome high school:parent_marital_statussingle    -0.020679   6.510505
    ## parent_educbachelor's degree:parent_marital_statuswidowed  21.929668  84.211810
    ## parent_educhigh school:parent_marital_statuswidowed        -2.507216  78.356194
    ## parent_educmaster's degree:parent_marital_statuswidowed   -70.346565  45.327351
    ## parent_educsome college:parent_marital_statuswidowed      -53.761748  59.019184
    ## parent_educsome high school:parent_marital_statuswidowed  -13.736670  57.620288
    ## parent_educbachelor's degree:practice_sportregularly       -5.742987   8.829132
    ## parent_educhigh school:practice_sportregularly            -16.222405   7.605694
    ## parent_educmaster's degree:practice_sportregularly          2.124224  11.094977
    ## parent_educsome college:practice_sportregularly            -3.035355   7.881126
    ## parent_educsome high school:practice_sportregularly        -2.220201   7.580298
    ## parent_educbachelor's degree:practice_sportsometimes      -12.859128   8.483797
    ## parent_educhigh school:practice_sportsometimes            -13.121479   7.214292
    ## parent_educmaster's degree:practice_sportsometimes          5.973273   9.291278
    ## parent_educsome college:practice_sportsometimes            -1.672002   7.519775
    ## parent_educsome high school:practice_sportsometimes         2.913390   7.167762
    ## parent_educbachelor's degree:is_first_childyes              4.554067   5.308089
    ## parent_educhigh school:is_first_childyes                    7.256767   4.582552
    ## parent_educmaster's degree:is_first_childyes                6.139178   7.697451
    ## parent_educsome college:is_first_childyes                   8.976229   4.393592
    ## parent_educsome high school:is_first_childyes               3.689051   4.388873
    ## parent_educbachelor's degree:nr_siblings                   -0.476088   1.699747
    ## parent_educhigh school:nr_siblings                          1.012064   1.346170
    ## parent_educmaster's degree:nr_siblings                      0.776705   2.398088
    ## parent_educsome college:nr_siblings                         0.921460   1.488559
    ## parent_educsome high school:nr_siblings                     0.102181   1.452180
    ## parent_educbachelor's degree:transport_meansschool_bus      4.047872   5.398993
    ## parent_educhigh school:transport_meansschool_bus            5.354862   4.340500
    ## parent_educmaster's degree:transport_meansschool_bus        6.402583   6.680822
    ## parent_educsome college:transport_meansschool_bus           5.471397   4.381679
    ## parent_educsome high school:transport_meansschool_bus       6.362679   4.414842
    ## parent_educbachelor's degree:wkly_study_hours> 10          -8.576993   7.658161
    ## parent_educhigh school:wkly_study_hours> 10                -8.892574   6.452183
    ## parent_educmaster's degree:wkly_study_hours> 10            -3.501947  13.840506
    ## parent_educsome college:wkly_study_hours> 10               -5.403789   6.391353
    ## parent_educsome high school:wkly_study_hours> 10           -5.736565   6.546085
    ## parent_educbachelor's degree:wkly_study_hours10-May        -4.131555   5.332589
